year,government,catholic,independent
2006,66.9,20,13
2007,66.6,20.1,13.3
2008,66.1,20.2,13.7
2009,65.8,20.2,13.9
2010,65.6,20.3,14
2011,65.4,20.5,14.2
2012,65.2,20.5,14.2
2013,65.1,20.5,14.3
2014,65.1,20.5,14.3
2015,65.2,20.4,14.4
2016,65.4,20.2,14.4
2017,65.6,19.9,14.5
2018,65.7,19.7,14.6
2019,65.7,19.5,14.8
2020,65.6,19.4,15
2021,65.1,19.5,15.4
2022,64.5,19.7,15.9
2023,64,19.7,16.3